#Layer_Color=6321
#
#Feature symbol names
#
$0 r5

#
#Feature attribute names
#

#
#Layer features
#
L 2.033244 2.229614 2.061244 2.229614 0 P 0
L 2.047244 2.215614 2.047244 2.243614 0 P 0
L 2.0649605 2.459056 2.1082675 2.459056 0 P 0
L 2.0649605 2.559056 2.1082675 2.559056 0 P 0
L 2.0649605 2.659056 2.1082675 2.659056 0 P 0
L 2.0726153 2.9921276 2.1006153 2.9921276 0 P 0
L 2.086614 2.4374025 2.086614 2.4807095 0 P 0
L 2.086614 2.5374025 2.086614 2.5807095 0 P 0
L 2.086614 2.6374025 2.086614 2.6807095 0 P 0
L 2.0866153 2.9781276 2.0866153 3.0061276 0 P 0
L 2.169 2.912 2.197 2.912 0 P 0
L 2.183 2.898 2.183 2.926 0 P 0
L 2.190724 2.200724 2.218724 2.200724 0 P 0
L 2.204724 2.186724 2.204724 2.214724 0 P 0
L 2.230094 2.874094 2.258094 2.874094 0 P 0
L 2.244094 2.860094 2.244094 2.888094 0 P 0
L 2.385826 2.076772 2.417322 2.076772 0 P 0
L 2.385826 2.175196 2.417322 2.175196 0 P 0
L 2.386574 2.312204 2.416574 2.312204 0 P 0
L 2.386574 2.412204 2.416574 2.412204 0 P 0
L 2.386574 2.548426 2.416574 2.548426 0 P 0
L 2.386574 2.648426 2.416574 2.648426 0 P 0
L 2.401574 2.061024 2.401574 2.09252 0 P 0
L 2.401574 2.159448 2.401574 2.190944 0 P 0
L 2.401574 2.297204 2.401574 2.327204 0 P 0
L 2.401574 2.397204 2.401574 2.427204 0 P 0
L 2.401574 2.533426 2.401574 2.563426 0 P 0
L 2.401574 2.633426 2.401574 2.663426 0 P 0
L 2.413 2.894 2.441 2.894 0 P 0
L 2.427 2.88 2.427 2.908 0 P 0
L 2.547 2.548 2.575 2.548 0 P 0
L 2.561 2.534 2.561 2.562 0 P 0
L 2.580488 2.609 2.608488 2.609 0 P 0
L 2.594488 2.595 2.594488 2.623 0 P 0
L 2.657684 2.974 2.685684 2.974 0 P 0
L 2.671684 2.96 2.671684 2.988 0 P 0
L 2.76 2.504 2.788 2.504 0 P 0
L 2.774 2.49 2.774 2.518 0 P 0
L 2.928 2.781 2.956 2.781 0 P 0
L 2.928 3.002 2.956 3.002 0 P 0
L 2.942 2.767 2.942 2.795 0 P 0
L 2.942 2.988 2.942 3.016 0 P 0
L 3.062346 2.745276 3.094346 2.745276 0 P 0
L 3.062346 2.845276 3.094346 2.845276 0 P 0
L 3.062346 2.942126 3.094346 2.942126 0 P 0
L 3.062346 3.042126 3.094346 3.042126 0 P 0
L 3.078346 2.729276 3.078346 2.761276 0 P 0
L 3.078346 2.829276 3.078346 2.861276 0 P 0
L 3.078346 2.926126 3.078346 2.958126 0 P 0
L 3.078346 3.026126 3.078346 3.058126 0 P 0
L 3.1749764 2.5590551 3.2029764 2.5590551 0 P 0
L 3.1889764 2.5450551 3.1889764 2.5730551 0 P 0
L 3.281 2.906 3.309 2.906 0 P 0
L 3.295 2.892 3.295 2.92 0 P 0
L 3.3265 2.1725 3.3545 2.1725 0 P 0
L 3.3405 2.1585 3.3405 2.1865 0 P 0
L 3.362346 2.745276 3.394346 2.745276 0 P 0
L 3.362346 2.845276 3.394346 2.845276 0 P 0
L 3.362346 2.942126 3.394346 2.942126 0 P 0
L 3.362346 3.042126 3.394346 3.042126 0 P 0
L 3.378346 2.729276 3.378346 2.761276 0 P 0
L 3.378346 2.829276 3.378346 2.861276 0 P 0
L 3.378346 2.926126 3.378346 2.958126 0 P 0
L 3.378346 3.026126 3.378346 3.058126 0 P 0
L 3.490314 2.519686 3.518314 2.519686 0 P 0
L 3.504314 2.505686 3.504314 2.533686 0 P 0
L 3.5676772 2.8740157 3.5976772 2.8740157 0 P 0
L 3.5826772 2.8590157 3.5826772 2.8890157 0 P 0
L 3.6063 2.076772 3.637796 2.076772 0 P 0
L 3.6063 2.175196 3.637796 2.175196 0 P 0
L 3.607048 2.312204 3.637048 2.312204 0 P 0
L 3.607048 2.412204 3.637048 2.412204 0 P 0
L 3.622048 2.061024 3.622048 2.09252 0 P 0
L 3.622048 2.159448 3.622048 2.190944 0 P 0
L 3.622048 2.297204 3.622048 2.327204 0 P 0
L 3.622048 2.397204 3.622048 2.427204 0 P 0
L 3.64567 2.637796 3.677166 2.637796 0 P 0
L 3.646418 2.73622 3.676418 2.73622 0 P 0
L 3.646418 2.834646 3.676418 2.834646 0 P 0
L 3.646418 2.93307 3.676418 2.93307 0 P 0
L 3.646418 3.031496 3.676418 3.031496 0 P 0
L 3.661418 2.622048 3.661418 2.653544 0 P 0
L 3.661418 2.72122 3.661418 2.75122 0 P 0
L 3.661418 2.819646 3.661418 2.849646 0 P 0
L 3.661418 2.91807 3.661418 2.94807 0 P 0
L 3.661418 3.016496 3.661418 3.046496 0 P 0
L 3.7261575 2.566536 3.7541575 2.566536 0 P 0
L 3.7401575 2.552536 3.7401575 2.580536 0 P 0
L 3.8048976 2.9527559 3.8328976 2.9527559 0 P 0
L 3.8086615 2.566536 3.8440945 2.566536 0 P 0
L 3.8086615 2.666536 3.8440945 2.666536 0 P 0
L 3.8086615 2.766536 3.8440945 2.766536 0 P 0
L 3.8086615 2.866536 3.8440945 2.866536 0 P 0
L 3.816796 2.193 3.844796 2.193 0 P 0
L 3.8188976 2.9387559 3.8188976 2.9667559 0 P 0
L 3.826378 2.5488195 3.826378 2.5842525 0 P 0
L 3.826378 2.6488195 3.826378 2.6842525 0 P 0
L 3.826378 2.7488195 3.826378 2.7842525 0 P 0
L 3.826378 2.8488195 3.826378 2.8842525 0 P 0
L 3.830796 2.179 3.830796 2.207 0 P 0
L 3.8836378 2.6377953 3.9116378 2.6377953 0 P 0
L 3.8976378 2.6237953 3.8976378 2.6517953 0 P 0
L 3.962378 2.7952756 3.990378 2.7952756 0 P 0
L 3.976378 2.7812756 3.976378 2.8092756 0 P 0
L 4.0411181 2.8346457 4.0691181 2.8346457 0 P 0
L 4.0551181 2.8206457 4.0551181 2.8486457 0 P 0
L 4.1086615 2.566536 4.1440945 2.566536 0 P 0
L 4.1086615 2.666536 4.1440945 2.666536 0 P 0
L 4.1086615 2.766536 4.1440945 2.766536 0 P 0
L 4.1086615 2.866536 4.1440945 2.866536 0 P 0
L 4.126378 2.5488195 4.126378 2.5842525 0 P 0
L 4.126378 2.6488195 4.126378 2.6842525 0 P 0
L 4.126378 2.7488195 4.126378 2.7842525 0 P 0
L 4.126378 2.8488195 4.126378 2.8842525 0 P 0
L 4.147598 3.031496 4.177598 3.031496 0 P 0
L 4.162598 3.016496 4.162598 3.046496 0 P 0
L 4.1697582 2.7200538 4.1977582 2.7200538 0 P 0
L 4.1837582 2.7060538 4.1837582 2.7340538 0 P 0
L 4.247598 3.031496 4.277598 3.031496 0 P 0
L 4.262598 3.016496 4.262598 3.046496 0 P 0
L 4.2773386 2.5984252 4.3053386 2.5984252 0 P 0
L 4.2913386 2.5844252 4.2913386 2.6124252 0 P 0
