#Layer_Color=6321
#
#Feature symbol names
#
$0 r5
$1 r6.6666

#
#Feature attribute names
#

#
#Layer features
#
A 3.098346 2.745276 3.098346 2.745276 3.078346 2.745276 1 P 0 N
A 3.098346 2.845276 3.098346 2.845276 3.078346 2.845276 1 P 0 N
A 3.098346 2.942126 3.098346 2.942126 3.078346 2.942126 1 P 0 N
A 3.098346 3.042126 3.098346 3.042126 3.078346 3.042126 1 P 0 N
A 3.398346 2.745276 3.398346 2.745276 3.378346 2.745276 1 P 0 N
A 3.398346 2.845276 3.398346 2.845276 3.378346 2.845276 1 P 0 N
A 3.398346 2.942126 3.398346 2.942126 3.378346 2.942126 1 P 0 N
A 3.398346 3.042126 3.398346 3.042126 3.378346 3.042126 1 P 0 N
L 2.027244 2.209614 2.027244 2.249614 0 P 0
L 2.027244 2.209614 2.067244 2.209614 0 P 0
L 2.027244 2.249614 2.067244 2.249614 0 P 0
L 2.066614 2.449056 2.076614 2.449056 0 P 0
L 2.066614 2.449056 2.076614 2.459056 0 P 0
L 2.066614 2.469056 2.076614 2.459056 0 P 0
L 2.066614 2.469056 2.076614 2.469056 0 P 0
L 2.066614 2.549056 2.076614 2.549056 0 P 0
L 2.066614 2.549056 2.076614 2.559056 0 P 0
L 2.066614 2.569056 2.076614 2.559056 0 P 0
L 2.066614 2.569056 2.076614 2.569056 0 P 0
L 2.066614 2.649056 2.076614 2.649056 0 P 0
L 2.066614 2.649056 2.076614 2.659056 0 P 0
L 2.066614 2.669056 2.076614 2.659056 0 P 0
L 2.066614 2.669056 2.076614 2.669056 0 P 0
L 2.0666153 2.9721276 2.0666153 3.0121276 0 P 0
L 2.0666153 2.9721276 2.1066153 2.9721276 0 P 0
L 2.0666153 3.0121276 2.1066153 3.0121276 0 P 0
L 2.067244 2.209614 2.067244 2.249614 0 P 0
L 2.076614 2.449056 2.086614 2.439056 0 P 0
L 2.076614 2.469056 2.086614 2.479056 0 P 0
L 2.076614 2.549056 2.086614 2.539056 0 P 0
L 2.076614 2.569056 2.086614 2.579056 0 P 0
L 2.076614 2.649056 2.086614 2.639056 0 P 0
L 2.076614 2.669056 2.086614 2.679056 0 P 0
L 2.086614 2.439056 2.096614 2.449056 0 P 0
L 2.086614 2.479056 2.096614 2.469056 0 P 0
L 2.086614 2.539056 2.096614 2.549056 0 P 0
L 2.086614 2.579056 2.096614 2.569056 0 P 0
L 2.086614 2.639056 2.096614 2.649056 0 P 0
L 2.086614 2.679056 2.096614 2.669056 0 P 0
L 2.096614 2.449056 2.106614 2.449056 0 P 0
L 2.096614 2.459056 2.106614 2.449056 0 P 0
L 2.096614 2.459056 2.106614 2.469056 0 P 0
L 2.096614 2.469056 2.106614 2.469056 0 P 0
L 2.096614 2.549056 2.106614 2.549056 0 P 0
L 2.096614 2.559056 2.106614 2.549056 0 P 0
L 2.096614 2.559056 2.106614 2.569056 0 P 0
L 2.096614 2.569056 2.106614 2.569056 0 P 0
L 2.096614 2.649056 2.106614 2.649056 0 P 0
L 2.096614 2.659056 2.106614 2.649056 0 P 0
L 2.096614 2.659056 2.106614 2.669056 0 P 0
L 2.096614 2.669056 2.106614 2.669056 0 P 0
L 2.1066153 2.9721276 2.1066153 3.0121276 0 P 0
L 2.163 2.892 2.163 2.932 0 P 0
L 2.163 2.892 2.203 2.892 0 P 0
L 2.163 2.932 2.203 2.932 0 P 0
L 2.184724 2.180724 2.184724 2.220724 0 P 0
L 2.184724 2.180724 2.224724 2.180724 0 P 0
L 2.184724 2.220724 2.224724 2.220724 0 P 0
L 2.203 2.892 2.203 2.932 0 P 0
L 2.224094 2.854094 2.224094 2.894094 0 P 0
L 2.224094 2.854094 2.264094 2.854094 0 P 0
L 2.224094 2.894094 2.264094 2.894094 0 P 0
L 2.224724 2.180724 2.224724 2.220724 0 P 0
L 2.264094 2.854094 2.264094 2.894094 0 P 0
L 2.381574 2.066772 2.381574 2.086772 0 P 0
L 2.381574 2.066772 2.391574 2.066772 0 P 0
L 2.381574 2.086772 2.391574 2.086772 0 P 0
L 2.381574 2.165196 2.381574 2.185196 0 P 0
L 2.381574 2.165196 2.391574 2.165196 0 P 0
L 2.381574 2.185196 2.391574 2.185196 0 P 0
L 2.381574 2.292204 2.391574 2.312204 0 P 0
L 2.381574 2.292204 2.401574 2.302204 0 P 0
L 2.381574 2.332204 2.391574 2.312204 0 P 0
L 2.381574 2.332204 2.401574 2.322204 0 P 0
L 2.381574 2.392204 2.391574 2.412204 0 P 0
L 2.381574 2.392204 2.401574 2.402204 0 P 0
L 2.381574 2.432204 2.391574 2.412204 0 P 0
L 2.381574 2.432204 2.401574 2.422204 0 P 0
L 2.381574 2.528426 2.391574 2.548426 0 P 0
L 2.381574 2.528426 2.401574 2.538426 0 P 0
L 2.381574 2.568426 2.391574 2.548426 0 P 0
L 2.381574 2.568426 2.401574 2.558426 0 P 0
L 2.381574 2.628426 2.391574 2.648426 0 P 0
L 2.381574 2.628426 2.401574 2.638426 0 P 0
L 2.381574 2.668426 2.391574 2.648426 0 P 0
L 2.381574 2.668426 2.401574 2.658426 0 P 0
L 2.391574 2.056772 2.391574 2.066772 0 P 0
L 2.391574 2.056772 2.411574 2.056772 0 P 0
L 2.391574 2.086772 2.391574 2.096772 0 P 0
L 2.391574 2.096772 2.411574 2.096772 0 P 0
L 2.391574 2.155196 2.391574 2.165196 0 P 0
L 2.391574 2.155196 2.411574 2.155196 0 P 0
L 2.391574 2.185196 2.391574 2.195196 0 P 0
L 2.391574 2.195196 2.411574 2.195196 0 P 0
L 2.401574 2.302204 2.421574 2.292204 0 P 0
L 2.401574 2.322204 2.421574 2.332204 0 P 0
L 2.401574 2.402204 2.421574 2.392204 0 P 0
L 2.401574 2.422204 2.421574 2.432204 0 P 0
L 2.401574 2.538426 2.421574 2.528426 0 P 0
L 2.401574 2.558426 2.421574 2.568426 0 P 0
L 2.401574 2.638426 2.421574 2.628426 0 P 0
L 2.401574 2.658426 2.421574 2.668426 0 P 0
L 2.407 2.874 2.407 2.914 0 P 0
L 2.407 2.874 2.447 2.874 0 P 0
L 2.407 2.914 2.447 2.914 0 P 0
L 2.411574 2.056772 2.411574 2.066772 0 P 0
L 2.411574 2.066772 2.421574 2.066772 0 P 0
L 2.411574 2.086772 2.411574 2.096772 0 P 0
L 2.411574 2.086772 2.421574 2.086772 0 P 0
L 2.411574 2.155196 2.411574 2.165196 0 P 0
L 2.411574 2.165196 2.421574 2.165196 0 P 0
L 2.411574 2.185196 2.411574 2.195196 0 P 0
L 2.411574 2.185196 2.421574 2.185196 0 P 0
L 2.411574 2.312204 2.421574 2.292204 0 P 0
L 2.411574 2.312204 2.421574 2.332204 0 P 0
L 2.411574 2.412204 2.421574 2.392204 0 P 0
L 2.411574 2.412204 2.421574 2.432204 0 P 0
L 2.411574 2.548426 2.421574 2.528426 0 P 0
L 2.411574 2.548426 2.421574 2.568426 0 P 0
L 2.411574 2.648426 2.421574 2.628426 0 P 0
L 2.411574 2.648426 2.421574 2.668426 0 P 0
L 2.421574 2.066772 2.421574 2.086772 0 P 0
L 2.421574 2.165196 2.421574 2.185196 0 P 0
L 2.447 2.874 2.447 2.914 0 P 0
L 2.541 2.528 2.541 2.568 0 P 0
L 2.541 2.528 2.581 2.528 0 P 0
L 2.541 2.568 2.581 2.568 0 P 0
L 2.574488 2.589 2.574488 2.629 0 P 0
L 2.574488 2.589 2.614488 2.589 0 P 0
L 2.574488 2.629 2.614488 2.629 0 P 0
L 2.581 2.528 2.581 2.568 0 P 0
L 2.614488 2.589 2.614488 2.629 0 P 0
L 2.651684 2.954 2.651684 2.994 0 P 0
L 2.651684 2.954 2.691684 2.954 0 P 0
L 2.651684 2.994 2.691684 2.994 0 P 0
L 2.691684 2.954 2.691684 2.994 0 P 0
L 2.754 2.484 2.754 2.524 0 P 0
L 2.754 2.484 2.794 2.484 0 P 0
L 2.754 2.524 2.794 2.524 0 P 0
L 2.794 2.484 2.794 2.524 0 P 0
L 2.922 2.761 2.922 2.801 0 P 0
L 2.922 2.761 2.962 2.761 0 P 0
L 2.922 2.801 2.962 2.801 0 P 0
L 2.922 2.982 2.922 3.022 0 P 0
L 2.922 2.982 2.962 2.982 0 P 0
L 2.922 3.022 2.962 3.022 0 P 0
L 2.962 2.761 2.962 2.801 0 P 0
L 2.962 2.982 2.962 3.022 0 P 0
L 3.1689764 2.5390551 3.1689764 2.5790551 0 P 0
L 3.1689764 2.5390551 3.2089764 2.5390551 0 P 0
L 3.1689764 2.5790551 3.2089764 2.5790551 0 P 0
L 3.2089764 2.5390551 3.2089764 2.5790551 0 P 0
L 3.275 2.886 3.275 2.926 0 P 0
L 3.275 2.886 3.315 2.886 0 P 0
L 3.275 2.926 3.315 2.926 0 P 0
L 3.315 2.886 3.315 2.926 0 P 0
L 3.3205 2.1525 3.3205 2.1925 0 P 0
L 3.3205 2.1525 3.3605 2.1525 0 P 0
L 3.3205 2.1925 3.3605 2.1925 0 P 0
L 3.3605 2.1525 3.3605 2.1925 0 P 0
L 3.484314 2.499686 3.484314 2.539686 0 P 0
L 3.484314 2.499686 3.524314 2.499686 0 P 0
L 3.484314 2.539686 3.524314 2.539686 0 P 0
L 3.524314 2.499686 3.524314 2.539686 0 P 0
L 3.5626772 2.8540157 3.5726772 2.8740157 0 P 0
L 3.5626772 2.8540157 3.5826772 2.8640157 0 P 0
L 3.5626772 2.8940157 3.5726772 2.8740157 0 P 0
L 3.5626772 2.8940157 3.5826772 2.8840157 0 P 0
L 3.5826772 2.8640157 3.6026772 2.8540157 0 P 0
L 3.5826772 2.8840157 3.6026772 2.8940157 0 P 0
L 3.5926772 2.8740157 3.6026772 2.8540157 0 P 0
L 3.5926772 2.8740157 3.6026772 2.8940157 0 P 0
L 3.602048 2.066772 3.602048 2.086772 0 P 0
L 3.602048 2.066772 3.612048 2.066772 0 P 0
L 3.602048 2.086772 3.612048 2.086772 0 P 0
L 3.602048 2.165196 3.602048 2.185196 0 P 0
L 3.602048 2.165196 3.612048 2.165196 0 P 0
L 3.602048 2.185196 3.612048 2.185196 0 P 0
L 3.602048 2.292204 3.612048 2.312204 0 P 0
L 3.602048 2.292204 3.622048 2.302204 0 P 0
L 3.602048 2.332204 3.612048 2.312204 0 P 0
L 3.602048 2.332204 3.622048 2.322204 0 P 0
L 3.602048 2.392204 3.612048 2.412204 0 P 0
L 3.602048 2.392204 3.622048 2.402204 0 P 0
L 3.602048 2.432204 3.612048 2.412204 0 P 0
L 3.602048 2.432204 3.622048 2.422204 0 P 0
L 3.612048 2.056772 3.612048 2.066772 0 P 0
L 3.612048 2.056772 3.632048 2.056772 0 P 0
L 3.612048 2.086772 3.612048 2.096772 0 P 0
L 3.612048 2.096772 3.632048 2.096772 0 P 0
L 3.612048 2.155196 3.612048 2.165196 0 P 0
L 3.612048 2.155196 3.632048 2.155196 0 P 0
L 3.612048 2.185196 3.612048 2.195196 0 P 0
L 3.612048 2.195196 3.632048 2.195196 0 P 0
L 3.622048 2.302204 3.642048 2.292204 0 P 0
L 3.622048 2.322204 3.642048 2.332204 0 P 0
L 3.622048 2.402204 3.642048 2.392204 0 P 0
L 3.622048 2.422204 3.642048 2.432204 0 P 0
L 3.632048 2.056772 3.632048 2.066772 0 P 0
L 3.632048 2.066772 3.642048 2.066772 0 P 0
L 3.632048 2.086772 3.632048 2.096772 0 P 0
L 3.632048 2.086772 3.642048 2.086772 0 P 0
L 3.632048 2.155196 3.632048 2.165196 0 P 0
L 3.632048 2.165196 3.642048 2.165196 0 P 0
L 3.632048 2.185196 3.632048 2.195196 0 P 0
L 3.632048 2.185196 3.642048 2.185196 0 P 0
L 3.632048 2.312204 3.642048 2.292204 0 P 0
L 3.632048 2.312204 3.642048 2.332204 0 P 0
L 3.632048 2.412204 3.642048 2.392204 0 P 0
L 3.632048 2.412204 3.642048 2.432204 0 P 0
L 3.641418 2.627796 3.641418 2.647796 0 P 0
L 3.641418 2.627796 3.651418 2.627796 0 P 0
L 3.641418 2.647796 3.651418 2.647796 0 P 0
L 3.641418 2.71622 3.651418 2.73622 0 P 0
L 3.641418 2.71622 3.661418 2.72622 0 P 0
L 3.641418 2.75622 3.651418 2.73622 0 P 0
L 3.641418 2.75622 3.661418 2.74622 0 P 0
L 3.641418 2.814646 3.651418 2.834646 0 P 0
L 3.641418 2.814646 3.661418 2.824646 0 P 0
L 3.641418 2.854646 3.651418 2.834646 0 P 0
L 3.641418 2.854646 3.661418 2.844646 0 P 0
L 3.641418 2.91307 3.651418 2.93307 0 P 0
L 3.641418 2.91307 3.661418 2.92307 0 P 0
L 3.641418 2.95307 3.651418 2.93307 0 P 0
L 3.641418 2.95307 3.661418 2.94307 0 P 0
L 3.641418 3.011496 3.651418 3.031496 0 P 0
L 3.641418 3.011496 3.661418 3.021496 0 P 0
L 3.641418 3.051496 3.651418 3.031496 0 P 0
L 3.641418 3.051496 3.661418 3.041496 0 P 0
L 3.642048 2.066772 3.642048 2.086772 0 P 0
L 3.642048 2.165196 3.642048 2.185196 0 P 0
L 3.651418 2.617796 3.651418 2.627796 0 P 0
L 3.651418 2.617796 3.671418 2.617796 0 P 0
L 3.651418 2.647796 3.651418 2.657796 0 P 0
L 3.651418 2.657796 3.671418 2.657796 0 P 0
L 3.661418 2.72622 3.681418 2.71622 0 P 0
L 3.661418 2.74622 3.681418 2.75622 0 P 0
L 3.661418 2.824646 3.681418 2.814646 0 P 0
L 3.661418 2.844646 3.681418 2.854646 0 P 0
L 3.661418 2.92307 3.681418 2.91307 0 P 0
L 3.661418 2.94307 3.681418 2.95307 0 P 0
L 3.661418 3.021496 3.681418 3.011496 0 P 0
L 3.661418 3.041496 3.681418 3.051496 0 P 0
L 3.671418 2.617796 3.671418 2.627796 0 P 0
L 3.671418 2.627796 3.681418 2.627796 0 P 0
L 3.671418 2.647796 3.671418 2.657796 0 P 0
L 3.671418 2.647796 3.681418 2.647796 0 P 0
L 3.671418 2.73622 3.681418 2.71622 0 P 0
L 3.671418 2.73622 3.681418 2.75622 0 P 0
L 3.671418 2.834646 3.681418 2.814646 0 P 0
L 3.671418 2.834646 3.681418 2.854646 0 P 0
L 3.671418 2.93307 3.681418 2.91307 0 P 0
L 3.671418 2.93307 3.681418 2.95307 0 P 0
L 3.671418 3.031496 3.681418 3.011496 0 P 0
L 3.671418 3.031496 3.681418 3.051496 0 P 0
L 3.681418 2.627796 3.681418 2.647796 0 P 0
L 3.7201575 2.546536 3.7201575 2.586536 0 P 0
L 3.7201575 2.546536 3.7601575 2.546536 0 P 0
L 3.7201575 2.586536 3.7601575 2.586536 0 P 0
L 3.7601575 2.546536 3.7601575 2.586536 0 P 0
L 3.7988976 2.9327559 3.7988976 2.9727559 0 P 0
L 3.7988976 2.9327559 3.8388976 2.9327559 0 P 0
L 3.7988976 2.9727559 3.8388976 2.9727559 0 P 0
L 3.806378 2.586536 3.826378 2.546536 0 P 0
L 3.806378 2.586536 3.846378 2.586536 0 P 0
L 3.806378 2.686536 3.826378 2.646536 0 P 0
L 3.806378 2.686536 3.846378 2.686536 0 P 0
L 3.806378 2.786536 3.826378 2.746536 0 P 0
L 3.806378 2.786536 3.846378 2.786536 0 P 0
L 3.806378 2.886536 3.826378 2.846536 0 P 0
L 3.806378 2.886536 3.846378 2.886536 0 P 0
L 3.810796 2.173 3.810796 2.213 0 P 0
L 3.810796 2.173 3.850796 2.173 0 P 0
L 3.810796 2.213 3.850796 2.213 0 P 0
L 3.826378 2.546536 3.846378 2.586536 0 P 0
L 3.826378 2.646536 3.846378 2.686536 0 P 0
L 3.826378 2.746536 3.846378 2.786536 0 P 0
L 3.826378 2.846536 3.846378 2.886536 0 P 0
L 3.8388976 2.9327559 3.8388976 2.9727559 0 P 0
L 3.850796 2.173 3.850796 2.213 0 P 0
L 3.8776378 2.6177953 3.8776378 2.6577953 0 P 0
L 3.8776378 2.6177953 3.9176378 2.6177953 0 P 0
L 3.8776378 2.6577953 3.9176378 2.6577953 0 P 0
L 3.9176378 2.6177953 3.9176378 2.6577953 0 P 0
L 3.956378 2.7752756 3.956378 2.8152756 0 P 0
L 3.956378 2.7752756 3.996378 2.7752756 0 P 0
L 3.956378 2.8152756 3.996378 2.8152756 0 P 0
L 3.996378 2.7752756 3.996378 2.8152756 0 P 0
L 4.0351181 2.8146457 4.0351181 2.8546457 0 P 0
L 4.0351181 2.8146457 4.0751181 2.8146457 0 P 0
L 4.0351181 2.8546457 4.0751181 2.8546457 0 P 0
L 4.0751181 2.8146457 4.0751181 2.8546457 0 P 0
L 4.106378 2.586536 4.126378 2.546536 0 P 0
L 4.106378 2.586536 4.146378 2.586536 0 P 0
L 4.106378 2.686536 4.126378 2.646536 0 P 0
L 4.106378 2.686536 4.146378 2.686536 0 P 0
L 4.106378 2.786536 4.126378 2.746536 0 P 0
L 4.106378 2.786536 4.146378 2.786536 0 P 0
L 4.106378 2.886536 4.126378 2.846536 0 P 0
L 4.106378 2.886536 4.146378 2.886536 0 P 0
L 4.126378 2.546536 4.146378 2.586536 0 P 0
L 4.126378 2.646536 4.146378 2.686536 0 P 0
L 4.126378 2.746536 4.146378 2.786536 0 P 0
L 4.126378 2.846536 4.146378 2.886536 0 P 0
L 4.142598 3.011496 4.152598 3.031496 0 P 0
L 4.142598 3.011496 4.162598 3.021496 0 P 0
L 4.142598 3.051496 4.152598 3.031496 0 P 0
L 4.142598 3.051496 4.162598 3.041496 0 P 0
L 4.162598 3.021496 4.182598 3.011496 0 P 0
L 4.162598 3.041496 4.182598 3.051496 0 P 0
L 4.1637582 2.7000538 4.1637582 2.7400538 0 P 0
L 4.1637582 2.7000538 4.2037582 2.7000538 0 P 0
L 4.1637582 2.7400538 4.2037582 2.7400538 0 P 0
L 4.172598 3.031496 4.182598 3.011496 0 P 0
L 4.172598 3.031496 4.182598 3.051496 0 P 0
L 4.2037582 2.7000538 4.2037582 2.7400538 0 P 0
L 4.242598 3.011496 4.252598 3.031496 0 P 0
L 4.242598 3.011496 4.262598 3.021496 0 P 0
L 4.242598 3.051496 4.252598 3.031496 0 P 0
L 4.242598 3.051496 4.262598 3.041496 0 P 0
L 4.262598 3.021496 4.282598 3.011496 0 P 0
L 4.262598 3.041496 4.282598 3.051496 0 P 0
L 4.2713386 2.5784252 4.2713386 2.6184252 0 P 0
L 4.2713386 2.5784252 4.3113386 2.5784252 0 P 0
L 4.2713386 2.6184252 4.3113386 2.6184252 0 P 0
L 4.272598 3.031496 4.282598 3.011496 0 P 0
L 4.272598 3.031496 4.282598 3.051496 0 P 0
L 4.3113386 2.5784252 4.3113386 2.6184252 0 P 0
